1764162963;800;24
1764162966;800;24
1764162970;800;24
1764162973;800;24
1764162976;800;24
1764162979;800;24
1764162982;800;24
1764162985;800;24
1764162988;800;24
1764162991;800;24
1764162994;800;24
1764162997;800;24
1764163000;800;24
1764163003;800;24
1764163006;800;24
1764163009;800;24
1764163012;800;24
1764163015;800;24
1764163018;800;24
1764163021;800;24
1764163024;800;24
1764163027;800;24
1764163030;800;24
1764163033;800;24
1764163036;800;24
1764163039;800;24
1764163042;800;24
1764163045;800;24
1764163048;800;24
1764163051;800;24
1764163054;800;24
1764163057;800;24
1764163060;800;24
1764163063;800;24
1764163066;800;24
1764163069;800;24
1764163072;800;24
1764163075;800;24
1764163078;800;24
1764163081;800;24
1764163084;800;24
1764163087;800;24
1764163090;800;24
1764163093;800;24
1764163096;800;24
1764163099;800;24
1764163102;800;24
1764163105;800;24
1764163108;800;24
1764163111;800;24
1764163114;800;24
1764163117;800;24
1764163120;800;24
1764163123;800;24
1764163126;800;24
1764163129;800;24
1764163132;800;24
1764163135;800;24
1764163138;800;24
1764163141;800;24
1764163144;800;24
1764163147;800;24
1764163150;800;24
1764163153;800;24
1764163156;800;24
1764163159;800;24
1764163162;800;24
1764163165;800;24
1764163168;800;24
1764163171;800;24
1764163174;800;24
1764163177;800;24
1764163180;800;24
1764163183;800;24
1764163186;800;24
1764163189;800;24
1764163192;800;24
1764163195;800;24
1764163198;800;24
1764163201;800;24
1764163204;800;24
1764163207;800;24
1764163210;800;24
1764163213;800;24
1764163216;800;24
1764163219;800;24
1764163222;800;24
1764163225;800;24
1764163228;800;24
1764163231;800;24
1764163234;800;24
1764163237;800;24
1764163240;800;24
1764163243;800;24
1764163246;800;24
1764163249;800;24
1764163252;800;24
1764163255;800;24
1764163258;800;24
1764163261;800;24
1764163264;800;24
1764163267;800;24
1764163270;800;24
1764163274;800;24
1764163277;800;24
1764163280;800;24
1764163283;800;24
1764163286;800;24
1764163289;800;24
1764163292;800;24
1764163295;800;24
1764163298;800;24
1764163301;800;24
1764163304;800;24
1764163307;800;24
1764163310;800;24
1764163313;800;24
1764163316;800;24
1764163319;800;24
1764163322;800;24
1764163325;800;24
1764163328;800;24
1764163331;800;24
1764163334;800;24
1764163337;800;24
1764163340;800;24
1764163343;800;24
1764163346;800;24
1764163349;800;24
1764163352;800;24
1764163355;800;24
1764163358;800;24
1764163361;800;24
1764163364;800;24
1764163367;800;24
1764163370;800;24
1764163373;800;24
1764163376;800;24
1764163379;800;24
1764163382;800;24
1764163385;800;24
1764163388;800;24
1764163391;800;24
1764163394;800;24
1764163397;800;24
1764163400;800;24
1764163403;800;24
1764163406;800;24
1764163409;800;24
1764163412;800;24
1764163415;800;24
1764163418;800;24
1764163421;800;24
1764163424;800;24
1764163427;800;24
1764163430;800;24
1764163433;800;24
1764163436;800;24
1764163439;800;24
1764163442;800;24
1764163445;800;24
1764163448;800;24
1764163451;800;24
1764163454;800;24
1764163457;800;24
1764163460;800;24
1764163463;800;24
1764163466;800;24
1764163469;800;24
1764163472;800;24
1764163475;800;24
1764163478;800;24
1764163481;800;24
1764163484;800;24
1764163488;800;24
1764163491;800;24
1764163494;800;24
1764163497;800;24
1764163500;800;24
1764163503;800;24
1764163506;800;24
1764163509;800;24
1764163512;800;24
1764163515;800;24
1764163518;800;24
1764163521;800;24
1764163524;800;24
1764163527;800;24
1764163530;800;24
1764163533;800;24
1764163536;800;24
1764163539;800;24
1764163542;800;24
1764163545;800;24
1764163548;800;24
1764163551;800;24
1764163554;800;24
1764163557;800;24
1764163560;800;24
1764163563;800;24
1764163566;800;24
1764163569;800;24
1764163572;800;24
1764163575;800;24
1764163578;800;24
1764163581;800;24
1764163584;800;24
1764163587;800;24
1764163590;800;24
1764163593;800;24
1764163596;800;24
1764163599;800;24
1764163602;800;24
1764163605;800;24
1764163608;800;24
1764163611;800;24
1764163614;800;24
1764163617;800;24
1764163620;800;24
1764163623;800;24
1764163626;800;24
1764163629;800;24
1764163632;800;24
1764163635;800;24
1764163638;800;24
1764163641;800;24
1764163644;800;24
1764163647;800;24
1764163650;800;24
1764163653;800;24
1764163656;800;24
1764163659;800;24
1764163662;800;24
1764163665;800;24
1764163668;800;24
1764163671;800;24
1764163674;800;24
1764163677;800;24
1764163680;800;24
1764163683;800;24
1764163686;800;24
1764163689;800;24
1764163692;800;24
1764163695;800;24
1764163698;800;24
1764163701;800;24
1764163705;800;24
1764163708;800;24
1764163711;800;24
1764163714;800;24
1764163717;800;24
1764163720;800;24
1764163723;800;24
1764163726;800;24
1764163729;800;24
1764163732;800;24
1764163735;800;24
1764163738;800;24
1764163741;800;24
1764163744;800;24
1764163747;800;24
1764163750;800;24
1764163753;800;24
1764163756;800;24
1764163759;800;24
1764163762;800;24
1764163765;800;24
1764163768;800;24
1764163771;800;24
1764163774;800;24
1764163777;800;24
1764163780;800;24
1764163783;800;24
1764163786;800;24
1764163789;800;24
1764163792;800;24
1764163795;800;24
1764163798;800;24
1764163801;800;24
1764163804;800;24
1764163807;800;24
1764163810;800;24
1764163813;800;24
1764163816;800;24
1764163819;800;24
1764163822;800;24
1764163825;800;24
1764163828;800;24
1764163831;800;24
1764163834;800;24
1764163837;800;24
1764163840;800;24
1764163843;800;24
1764163846;800;24
1764163849;800;24
1764163852;800;24
1764163855;800;24
1764163858;800;24
1764163861;800;24
1764163864;800;24
1764163867;800;24
1764163870;800;24
1764163873;800;24
1764163876;800;24
1764163879;800;24
1764163882;800;24
1764163885;800;24
1764163888;800;24
1764163891;800;24
1764163894;800;24
1764163897;800;24
1764163900;800;24
1764163903;800;24
1764163906;800;24
1764163909;800;24
1764163912;800;24
1764163915;800;24
1764163918;800;24
1764163922;800;24
1764163925;800;24
1764163928;800;24
1764163931;800;24
1764163934;800;24
1764163937;800;24
1764163940;800;24
1764163943;800;24
1764163946;800;24
1764163949;800;24
1764163952;800;24
1764163955;800;24
1764163958;800;24
1764163961;800;24
1764163964;800;24
1764163967;800;24
1764163970;800;24
1764163973;800;24
1764163976;800;24
1764163979;800;24
1764163982;800;24
1764163985;800;24
1764163988;800;24
1764163991;800;24
1764163994;800;24
1764163997;800;24
1764164000;800;24
1764164003;800;24
1764164006;800;24
1764164009;800;24
1764164012;800;24
1764164015;800;24
1764164018;800;24
1764164021;800;24
1764164024;800;24
1764164027;800;24
1764164030;800;24
1764164033;800;24
1764164036;800;24
1764164039;800;24
1764164042;800;24
1764164045;800;24
1764164048;800;24
1764164051;800;24
1764164054;800;24
1764164057;800;24
1764164060;800;24
1764164063;800;24
1764164066;800;24
1764164069;800;24
1764164072;800;24
1764164075;800;24
1764164078;800;24
1764164081;800;24
1764164084;800;24
1764164087;800;24
1764164090;800;24
1764164093;800;24
1764164096;800;24
1764164099;800;24
1764164102;800;24
1764164105;800;24
1764164108;800;24
1764164111;800;24
1764164114;800;24
1764164117;800;24
1764164120;800;24
1764164123;800;24
1764164126;800;24
1764164129;800;24
1764164132;800;24
1764164135;800;24
1764164138;800;24
1764164141;800;24
1764164145;800;24
1764164148;800;24
1764164151;800;24
1764164154;800;24
1764164157;800;24
1764164160;800;24
1764164163;800;24
1764164166;800;24
1764164169;800;24
1764164172;800;24
1764164175;800;24
1764164178;800;24
1764164181;800;24
1764164184;800;24
1764164187;800;24
1764164190;800;24
1764164193;800;24
1764164196;800;24
1764164199;800;24
1764164202;800;24
1764164205;800;24
1764164208;800;24
1764164211;800;24
1764164214;800;24
1764164217;800;24
1764164220;800;24
1764164223;800;24
1764164226;800;24
1764164229;800;24
1764164232;800;24
1764164235;800;24
1764164238;800;24
1764164241;800;24
1764164244;800;24
1764164247;800;24
1764164250;800;24
1764164253;800;24
1764164256;800;24
1764164259;800;24
1764164262;800;24
1764164265;800;24
1764164268;800;24
1764164271;800;24
1764164274;800;24
1764164277;800;24
1764164280;800;24
1764164283;800;24
1764164286;800;24
1764164289;800;24
1764164292;800;24
1764164295;800;24
1764164298;800;24
1764164301;800;24
1764164304;800;24
1764164307;800;24
1764164310;800;24
1764164313;800;24
1764164316;800;24
1764164319;800;24
1764164322;800;24
1764164325;800;24
1764164328;800;24
1764164331;800;24
1764164334;800;24
1764164337;800;24
1764164340;800;24
1764164343;800;24
1764164346;800;24
1764164349;800;24
1764164352;800;24
1764164355;800;24
1764164358;800;24
1764164361;800;24
1764164365;800;24
1764164368;800;24
1764164371;800;24
1764164374;800;24
1764164377;800;24
1764164380;800;24
1764164383;800;24
1764164386;800;24
1764164389;800;24
1764164392;800;24
1764164395;800;24
1764164398;800;24
1764164401;800;24
1764164404;800;24
1764164407;800;24
1764164410;800;24
1764164413;800;24
1764164416;800;24
1764164419;800;24
1764164422;800;24
1764164425;800;24
1764164428;800;24
1764164431;800;24
1764164434;800;24
1764164437;800;24
1764164440;800;24
1764164443;800;24
1764164446;800;24
1764164449;800;24
1764164452;800;24
1764164455;800;24
1764164458;800;24
1764164461;800;24
1764164464;800;24
1764164467;800;24
1764164470;800;24
1764164473;800;24
1764164476;800;24
1764164479;800;24
1764164482;800;24
1764164485;800;24
1764164488;800;24
1764164491;800;24
1764164494;800;24
1764164497;800;24
1764164500;800;24
1764164503;800;24
1764164506;800;24
1764164509;800;24
1764164512;800;24
1764164515;800;24
1764164518;800;24
1764164521;800;24
1764164524;800;24
1764164527;800;24
1764164530;800;24
1764164533;800;24
1764164536;800;24
1764164539;800;24
1764164542;800;24
1764164545;800;24
1764164548;800;24
1764164551;800;24
1764164554;800;24
1764164557;800;24
1764164560;800;24
1764164563;800;24
1764164566;800;24
1764164569;800;24
1764164572;800;24
1764164575;800;24
1764164578;800;24
1764164581;800;24
1764164585;800;24
1764164588;800;24
1764164591;800;24
1764164594;800;24
1764164597;800;24
1764164600;800;24
1764164603;800;24
1764164606;800;24
1764164609;800;24
1764164612;800;24
1764164615;800;24
1764164618;800;24
1764164621;800;24
1764164624;800;24
1764164627;800;24
1764164630;800;24
1764164633;800;24
1764164636;800;24
1764164639;800;24
1764164642;800;24
1764164645;800;24
1764164648;800;24
1764164651;800;24
1764164654;800;24
1764164657;800;24
1764164660;800;24
1764164663;800;24
1764164666;800;24
1764164669;800;24
1764164672;800;24
1764164675;800;24
1764164678;800;24
1764164681;800;24
1764164684;800;24
1764164687;800;24
1764164690;800;24
1764164693;800;24
1764164696;800;24
1764164699;800;24
1764164702;800;24
1764164705;800;24
1764164708;800;24
1764164711;800;24
1764164714;800;24
1764164717;800;24
1764164720;800;24
1764164723;800;24
1764164726;800;24
1764164729;800;24
1764164732;800;24
1764164735;800;24
1764164738;800;24
1764164741;800;24
1764164744;800;24
1764164747;800;24
1764164750;800;24
1764164753;800;24
1764164756;800;24
1764164759;800;24
1764164762;800;24
1764164765;800;24
1764164768;800;24
1764164771;800;24
1764164774;800;24
1764164777;800;24
1764164780;800;24
1764164783;800;24
1764164786;800;24
1764164789;800;24
1764164792;800;24
1764164795;800;24
1764164799;800;24
1764164802;800;24
1764164805;800;24
1764164808;800;24
1764164811;800;24
1764164814;800;24
1764164817;800;24
1764164820;800;24
1764164823;800;24
1764164826;800;24
1764164829;800;24
1764164832;800;24
1764164835;800;24
1764164838;800;24
1764164841;800;24
1764164844;800;24
1764164847;800;24
1764164850;800;24
1764164853;800;24
1764164856;800;24
1764164859;800;24
1764164862;800;24
1764164865;800;24
1764164868;800;24
1764164871;800;24
1764164874;800;24
1764164877;800;24
1764164880;800;24
1764164883;800;24
1764164886;800;24
1764164889;800;24
1764164892;800;24
1764164895;800;24
1764164898;800;24
1764164901;800;24
1764164904;800;24
1764164907;800;24
1764164910;800;24
1764164913;800;24
1764164916;800;24
1764164919;800;24
1764164922;800;24
1764164925;800;24
1764164928;800;24
1764164931;800;24
1764164934;800;24
1764164937;800;24
1764164940;800;24
1764164943;800;24
1764164946;800;24
1764164949;800;24
1764164952;800;24
1764164955;800;24
1764164958;800;24
1764164961;800;24
1764164964;800;24
1764164967;800;24
1764164970;800;24
1764164973;800;24
1764164976;800;24
1764164979;800;24
1764164982;800;24
1764164985;800;24
1764164988;800;24
1764164991;800;24
1764164994;800;24
1764164997;800;24
1764165000;800;24
1764165003;800;24
1764165006;800;24
1764165010;800;24
1764165013;800;24
1764165016;800;24
1764165019;800;24
1764165022;800;24
1764165025;800;24
1764165028;800;24
1764165031;800;24
1764165034;800;24
1764165037;800;24
1764165040;800;24
1764165043;800;24
1764165046;800;24
1764165049;800;24
1764165052;800;24
1764165055;800;24
1764165058;800;24
1764165061;800;24
1764165064;800;24
1764165067;800;24
1764165070;800;24
1764165073;800;24
1764165076;800;24
1764165079;800;24
1764165082;800;24
1764165085;800;24
1764165088;800;24
1764165091;800;24
1764165094;800;24
1764165097;800;24
1764165100;800;24
1764165103;800;24
1764165106;800;24
1764165109;800;24
1764165112;800;24
1764165115;800;24
1764165118;800;24
1764165121;800;24
1764165124;800;24
1764165127;800;24
1764165130;800;24
1764165133;800;24
1764165136;800;24
1764165139;800;24
1764165142;800;24
1764165145;800;24
1764165148;800;24
1764165151;800;24
1764165154;800;24
1764165157;800;24
1764165160;800;24
1764165163;800;24
1764165166;800;24
1764165169;800;24
1764165172;800;24
1764165175;800;24
1764165178;800;24
1764165181;800;24
1764165184;800;24
1764165187;800;24
1764165190;800;24
1764165193;800;24
1764165196;800;24
1764165199;800;24
1764165202;800;24
1764165205;800;24
1764165208;800;24
1764165211;800;24
1764165214;800;24
1764165217;800;24
1764165220;800;24
1764165224;800;24
1764165227;800;24
1764165230;800;24
1764165233;800;24
1764165236;800;24
1764165239;800;24
1764165242;800;24
1764165245;800;24
1764165248;800;24
1764165251;800;24
1764165254;800;24
1764165257;800;24
1764165260;800;24
1764165263;800;24
1764165266;800;24
1764165269;800;24
1764165272;800;24
1764165275;800;24
1764165278;800;24
1764165281;800;24
1764165284;800;24
1764165287;800;24
1764165290;800;24
1764165293;800;24
1764165296;800;24
1764165299;800;24
1764165302;800;24
1764165305;800;24
1764165308;800;24
1764165311;800;24
1764165314;800;24
1764165317;800;24
1764165320;800;24
1764165323;800;24
1764165326;800;24
1764165329;800;24
1764165332;800;24
1764165335;800;24
1764165338;800;24
1764165341;800;24
1764165344;800;24
1764165347;800;24
1764165350;800;24
1764165353;800;24
1764165356;800;24
1764165359;800;24
1764165362;800;24
1764165365;800;24
1764165368;800;24
1764165371;800;24
1764165374;800;24
1764165377;800;24
1764165380;800;24
1764165383;800;24
1764165386;800;24
1764165389;800;24
1764165392;800;24
1764165395;800;24
1764165398;800;24
1764165401;800;24
1764165404;800;24
1764165407;800;24
1764165410;800;24
1764165413;800;24
1764165416;800;24
1764165419;800;24
1764165422;800;24
1764165425;800;24
1764165428;800;24
1764165431;800;24
1764165434;800;24
1764165438;800;24
1764165441;800;24
1764165444;800;24
1764165447;800;24
1764165450;800;24
1764165453;800;24
1764165456;800;24
1764165459;800;24
1764165462;800;24
1764165465;800;24
1764165468;800;24
1764165471;800;24
1764165474;800;24
1764165477;800;24
1764165480;800;24
1764165483;800;24
1764165486;800;24
1764165489;800;24
1764165492;800;24
1764165495;800;24
1764165498;800;24
1764165501;800;24
1764165504;800;24
1764165507;800;24
1764165510;800;24
1764165513;800;24
1764165516;800;24
1764165519;800;24
1764165522;800;24
1764165525;800;24
1764165528;800;24
1764165531;800;24
1764165534;800;24
1764165537;800;24
1764165540;800;24
1764165543;800;24
1764165546;800;24
1764165549;800;24
1764165552;800;24
1764165555;800;24
1764165558;800;24
1764165561;800;24
1764165564;800;24
1764165567;800;24
1764165570;800;24
1764165573;800;24
1764165576;800;24
1764165579;800;24
1764165582;800;24
1764165585;800;24
1764165588;800;24
1764165591;800;24
1764165594;800;24
1764165597;800;24
1764165600;800;24
1764165603;800;24
1764165606;800;24
1764165609;800;24
1764165612;800;24
1764165615;800;24
1764165618;800;24
1764165621;800;24
1764165624;800;24
1764165627;800;24
1764165630;800;24
1764165634;800;24
1764165637;800;24
1764165640;800;24
1764165643;800;24
1764165646;800;24
1764165649;800;24
1764165652;800;24
1764165655;800;24
1764165658;800;24
1764165661;800;24
1764165664;800;24
1764165667;800;24
1764165670;800;24
1764165673;800;24
1764165676;800;24
1764165679;800;24
1764165682;800;24
1764165685;800;24
1764165688;800;24
1764165691;800;24
1764165694;800;24
1764165697;800;24
1764165700;800;24
1764165703;800;24
1764165706;800;24
1764165709;800;24
1764165712;800;24
1764165715;800;24
1764165718;800;24
1764165721;800;24
1764165724;800;24
1764165727;800;24
1764165730;800;24
1764165733;800;24
1764165736;800;24
1764165739;800;24
1764165742;800;24
1764165745;800;24
1764165748;800;24
1764165751;800;24
1764165754;800;24
1764165757;800;24
1764165760;800;24
1764165763;800;24
1764165766;800;24
1764165769;800;24
1764165772;800;24
1764165775;800;24
1764165778;800;24
1764165781;800;24
1764165784;800;24
1764165787;800;24
1764165790;800;24
1764165793;800;24
1764165796;800;24
1764165799;800;24
1764165802;800;24
1764165805;800;24
1764165808;800;24
1764165811;800;24
1764165814;800;24
1764165817;800;24
1764165820;800;24
1764165823;800;24
1764165826;800;24
1764165829;800;24
1764165832;800;24
1764165835;800;24
1764165838;800;24
1764165841;800;24
1764165844;800;24
1764165847;800;24
1764165851;800;24
1764165854;800;24
1764165857;800;24
1764165860;800;24
1764165863;800;24
1764165866;800;24
1764165869;800;24
1764165872;800;24
1764165875;800;24
1764165878;800;24
1764165881;800;24
1764165884;800;24
1764165887;800;24
1764165890;800;24
1764165893;800;24
1764165896;800;24
1764165899;800;24
1764165902;800;24
1764165905;800;24
1764165908;800;24
1764165911;800;24
1764165914;800;24
1764165917;800;24
1764165920;800;24
1764165923;800;24
1764165926;800;24
1764165929;800;24
1764165932;800;24
1764165935;800;24
1764165938;800;24
1764165941;800;24
1764165944;800;24
1764165947;800;24
1764165950;800;24
1764165953;800;24
1764165956;800;24
1764165959;800;24
1764165962;800;24
1764165965;800;24
1764165968;800;24
1764165971;800;24
1764165974;800;24
1764165977;800;24
1764165980;800;24
1764165983;800;24
1764165986;800;24
1764165989;800;24
1764165992;800;24
1764165995;800;24
1764165998;800;24
1764166001;800;24
1764166004;800;24
1764166007;800;24
1764166010;800;24
1764166013;800;24
1764166016;800;24
1764166019;800;24
1764166022;800;24
1764166025;800;24
1764166028;800;24
1764166031;800;24
1764166034;800;24
1764166037;800;24
1764166040;800;24
1764166043;800;24
1764166046;800;24
1764166049;800;24
1764166053;800;24
1764166056;800;24
1764166059;800;24
1764166062;800;24
1764166065;800;24
1764166068;800;24
1764166071;800;24
1764166074;800;24
1764166077;800;24
1764166080;800;24
1764166083;800;24
1764166086;800;24
1764166089;800;24
1764166092;800;24
1764166095;800;24
1764166098;800;24
1764166101;800;24
1764166104;800;24
1764166107;800;24
1764166110;800;24
1764166113;800;24
1764166116;800;24
1764166119;800;24
1764166122;800;24
1764166125;800;24
1764166128;800;24
1764166131;800;24
1764166134;800;24
1764166137;800;24
1764166140;800;24
1764166143;800;24
1764166146;800;24
1764166149;800;24
1764166152;800;24
1764166155;800;24
1764166158;800;24
1764166161;800;24
1764166164;800;24
1764166167;800;24
1764166170;800;24
1764166173;800;24
1764166176;800;24
1764166179;800;24
1764166182;800;24
1764166185;800;24
1764166188;800;24
1764166191;800;24
1764166194;800;24
1764166197;800;24
1764166200;800;24
1764166203;800;24
1764166206;800;24
1764166209;800;24
1764166212;800;24
1764166215;800;24
1764166218;800;24
1764166221;800;24
1764166224;800;24
1764166227;800;24
1764166230;800;24
1764166233;800;24
1764166236;800;24
1764166239;800;24
1764166242;800;24
1764166245;800;24
1764166248;800;24
1764166251;800;24
1764166255;800;24
1764166258;800;24
1764166261;800;24
1764166264;800;24
1764166267;800;24
1764166270;800;24
1764166273;800;24
1764166276;800;24
1764166279;800;24
1764166282;800;24
1764166285;800;24
1764166288;800;24
1764166291;800;24
1764166294;800;24
1764166297;800;24
1764166300;800;24
1764166303;800;24
1764166306;800;24
1764166309;800;24
1764166312;800;24
1764166315;800;24
1764166318;800;24
1764166321;800;24
1764166324;800;24
1764166327;800;24
1764166330;800;24
1764166333;800;24
1764166336;800;24
1764166339;800;24
1764166342;800;24
1764166345;800;24
1764166348;800;24
1764166351;800;24
1764166354;800;24
1764166357;800;24
1764166360;800;24
1764166363;800;24
1764166366;800;24
1764166369;800;24
1764166372;800;24
1764166375;800;24
1764166378;800;24
1764166381;800;24
1764166384;800;24
1764166387;800;24
1764166390;800;24
1764166393;800;24
1764166396;800;24
1764166399;800;24
1764166402;800;24
1764166405;800;24
1764166408;800;24
1764166411;800;24
1764166414;800;24
1764166417;800;24
1764166420;800;24
1764166423;800;24
1764166426;800;24
1764166429;800;24
1764166432;800;24
1764166435;800;24
1764166438;800;24
1764166441;800;24
1764166444;800;24
1764166447;800;24
1764166450;800;24
1764166453;800;24
1764166456;800;24
1764166460;800;24
1764166463;800;24
1764166466;800;24
1764166469;800;24
1764166472;800;24
1764166475;800;24
1764166478;800;24
1764166481;800;24
1764166484;800;24
1764166487;800;24
1764166490;800;24
1764166493;800;24
1764166496;800;24
1764166499;800;24
1764166502;800;24
1764166505;800;24
1764166508;800;24
1764166511;800;24
1764166514;800;24
1764166517;800;24
1764166520;800;24
1764166523;800;24
1764166526;800;24
1764166529;800;24
1764166532;800;24
1764166535;800;24
1764166538;800;24
1764166541;800;24
1764166544;800;24
1764166547;800;24
1764166550;800;24
1764166553;800;24
1764166556;800;24
1764166559;800;24
1764166562;800;24
1764166565;800;24
1764166568;800;24
1764166571;800;24
1764166574;800;24
1764166577;800;24
1764166580;800;24
1764166583;800;24
1764166586;800;24
1764166589;800;24
1764166592;800;24
1764166595;800;24
1764166598;800;24
1764166601;800;24
1764166604;800;24
1764166607;800;24
1764166610;800;24
1764166613;800;24
1764166616;800;24
1764166619;800;24
1764166622;800;24
1764166625;800;24
1764166628;800;24
1764166631;800;24
1764166634;800;24
1764166637;800;24
1764166640;800;24
1764166643;800;24
1764166646;800;24
1764166649;800;24
1764166652;800;24
1764166655;800;24
1764166658;800;24
1764166661;800;24
1764166665;800;24
1764166668;800;24
1764166671;800;24
1764166674;800;24
1764166677;800;24
1764166680;800;24
1764166683;800;24
1764166686;800;24
1764166689;800;24
1764166692;800;24
1764166695;800;24
1764166698;800;24
1764166701;800;24
1764166704;800;24
1764166707;800;24
1764166710;800;24
1764166713;800;24
1764166716;800;24
1764166719;800;24
1764166722;800;24
1764166725;800;24
1764166728;800;24
1764166731;800;24
1764166734;800;24
1764166737;800;24
1764166740;800;24
1764166743;800;24
1764166746;800;24
1764166749;800;24
1764166752;800;24
1764166755;800;24
1764166758;800;24
1764166761;800;24
1764166764;800;24
1764166767;800;24
1764166770;800;24
1764166773;800;24
1764166776;800;24
1764166779;800;24
1764166782;800;24
1764166785;800;24
1764166788;800;24
1764166791;800;24
1764166794;800;24
1764166797;800;24
1764166800;800;24
1764166803;800;24
1764166806;800;24
1764166809;800;24
1764166812;800;24
1764166815;800;24
1764166818;800;24
1764166821;800;24
1764166824;800;24
1764166827;800;24
1764166830;800;24
1764166833;800;24
1764166836;800;24
1764166839;800;24
1764166842;800;24
1764166845;800;24
1764166848;800;24
1764166851;800;24
1764166854;800;24
1764166857;800;24
1764166860;800;24
1764166863;800;24
1764166866;800;24
1764166869;800;24
1764166873;800;24
1764166876;800;24
1764166879;800;24
1764166882;800;24
1764166885;800;24
1764166888;800;24
1764166891;800;24
1764166894;800;24
1764166897;800;24
1764166900;800;24
1764166903;800;24
1764166906;800;24
1764166909;800;24
1764166912;800;24
1764166915;800;24
1764166918;800;24
1764166921;800;24
1764166924;800;24
1764166927;800;24
1764166930;800;24
1764166933;800;24
1764166936;800;24
1764166939;800;24
1764166942;800;24
1764166945;800;24
1764166948;800;24
1764166951;800;24
1764166954;800;24
1764166957;800;24
1764166960;800;24
1764166963;800;24
1764166966;800;24
1764166969;800;24
1764166972;800;24
1764166975;800;24
1764166978;800;24
1764166981;800;24
1764166984;800;24
1764166987;800;24
1764166990;800;24
1764166993;800;24
1764166996;800;24
1764166999;800;24
1764167002;800;24
1764167005;800;24
1764167008;800;24
1764167011;800;24
1764167014;800;24
1764167017;800;24
1764167020;800;24
1764167023;800;24
1764167026;800;24
1764167029;800;24
1764167032;800;24
1764167035;800;24
1764167038;800;24
1764167041;800;24
1764167044;800;24
1764167047;800;24
1764167050;800;24
1764167053;800;24
1764167056;800;24
1764167059;800;24
1764167062;800;24
1764167065;800;24
1764167068;800;24
1764167071;800;24
1764167074;800;24
1764167078;800;24
1764167081;800;24
1764167084;800;24
1764167087;800;24
1764167090;800;24
1764167093;800;24
1764167096;800;24
1764167099;800;24
1764167102;800;24
1764167105;800;24
1764167108;800;24
1764167111;800;24
1764167114;800;24
1764167117;800;24
1764167120;800;24
1764167123;800;24
1764167126;800;24
1764167129;800;24
1764167132;800;24
1764167135;800;24
1764167138;800;24
1764167141;800;24
1764167144;800;24
1764167147;800;24
1764167150;800;24
1764167153;800;24
1764167156;800;24
1764167159;800;24
1764167162;800;24
1764167165;800;24
1764167168;800;24
1764167171;800;24
1764167174;800;24
1764167177;800;24
1764167180;800;24
1764167183;800;24
1764167186;800;24
1764167189;800;24
1764167192;800;24
1764167195;800;24
1764167198;800;24
1764167201;800;24
1764167204;800;24
1764167207;800;24
1764167210;800;24
1764167213;800;24
1764167216;800;24
1764167219;800;24
1764167222;800;24
1764167225;800;24
1764167228;800;24
1764167231;800;24
1764167234;800;24
1764167237;800;24
1764167240;800;24
1764167243;800;24
1764167246;800;24
1764167249;800;24
1764167252;800;24
1764167255;800;24
1764167258;800;24
1764167261;800;24
1764167264;800;24
1764167267;800;24
1764167270;800;24
1764167273;800;24
1764167276;800;24
1764167279;800;24
1764167282;800;24
1764167285;800;24
1764167289;800;24
1764167292;800;24
1764167295;800;24
1764167298;800;24
1764167301;800;24
1764167304;800;24
1764167307;800;24
1764167310;800;24
1764167313;800;24
1764167316;800;24
1764167319;800;24
1764167322;800;24
1764167325;800;24
1764167328;800;24
1764167331;800;24
1764167334;800;24
1764167337;800;24
1764167340;800;24
1764167343;800;24
1764167346;800;24
1764167349;800;24
1764167352;800;24
1764167355;800;24
1764167358;800;24
1764167361;800;24
1764167364;800;24
1764167367;800;24
1764167370;800;24
1764167373;800;24
1764167376;800;24
1764167379;800;24
1764167382;800;24
1764167385;800;24
1764167388;800;24
1764167391;800;24
1764167394;800;24
1764167397;800;24
1764167400;800;24
1764167403;800;24
1764167406;800;24
1764167409;800;24
1764167412;800;24
1764167415;800;24
1764167418;800;24
1764167421;800;24
1764167424;800;24
1764167427;800;24
1764167430;800;24
1764167433;800;24
1764167436;800;24
1764167439;800;24
1764167442;800;24
1764167445;800;24
1764167448;800;24
1764167451;800;24
1764167454;800;24
1764167457;800;24
1764167460;800;24
1764167463;800;24
1764167466;800;24
1764167469;800;24
1764167472;800;24
1764167475;800;24
1764167478;800;24
1764167482;800;24
1764167485;800;24
1764167488;800;24
1764167491;800;24
1764167494;800;24
1764167497;800;24
1764167500;800;24
1764167503;800;24
1764167506;800;24
1764167509;800;24
1764167512;800;24
1764167515;800;24
1764167518;800;24
1764167521;800;24
1764167524;800;24
1764167527;800;24
1764167530;800;24
1764167533;800;24
1764167536;800;24
1764167539;800;24
1764167542;800;24
1764167545;800;24
1764167548;800;24
1764167551;800;24
1764167554;800;24
1764167557;800;24
1764167560;800;24
1764167563;800;24
1764167566;800;24
1764167569;800;24
1764167572;800;24
1764167575;800;24
1764167578;800;24
1764167581;800;24
1764167584;800;24
1764167587;800;24
1764167590;800;24
1764167593;800;24
1764167596;800;24
1764167599;800;24
1764167602;800;24
1764167605;800;24
1764167608;800;24
1764167611;800;24
1764167614;800;24
1764167617;800;24
1764167620;800;24
1764167623;800;24
1764167626;800;24
1764167629;800;24
1764167632;800;24
1764167635;800;24
1764167638;800;24
1764167641;800;24
1764167644;800;24
1764167647;800;24
1764167650;800;24
1764167653;800;24
1764167656;800;24
1764167659;800;24
1764167662;800;24
1764167665;800;24
1764167668;800;24
1764167671;800;24
1764167674;800;24
1764167677;800;24
1764167680;800;24
1764167683;800;24
1764167687;800;24
1764167690;800;24
1764167693;800;24
1764167696;800;24
1764167699;800;24
1764167702;800;24
1764167705;800;24
1764167708;800;24
1764167711;800;24
1764167714;800;24
1764167717;800;24
1764167720;800;24
1764167723;800;24
1764167726;800;24
1764167729;800;24
1764167732;800;24
1764167735;800;24
1764167738;800;24
1764167741;800;24
1764167744;800;24
1764167747;800;24
1764167750;800;24
1764167753;800;24
1764167756;800;24
1764167759;800;24
1764167762;800;24
1764167765;800;24
1764167768;800;24
1764167771;800;24
1764167774;800;24
